337515218214385611845185231599674123300648978057418465481738
904744294299013266724452032351019191654839641943594609948810
620893878937628140442574382044325739410830148270060902589258
751610180963277323358005958319159760142088223040073278481327
349332978858032136752615649626033404572207768263225000580913
109672539766199739880336636663851881552126562680795017262233
696934279998041344678101207723564985969455323665274005175754
719693358549052745041195095923660137119541482588848792245999
152034563158810347765530836769957183355985863955911699995708
245150350175435333526975252877533325005271765695768949267349
504692935961340950866037168600863020515445396526890912990997
845889190523834630577894405654606814419024423999564190605216
296046973478790246543138001860783165269645292880627408790110
351759200591921785614731990062058967194350147653455184908823
666071109053034491525562211632321274264406919211346487666356
958502392313045917442156109850296368954067188807663082492273
159842675422662594896843722239164454110159005062394192679097
163203312089889781808689874316237103476179923562014490238922
032301330094214639142912013460631252196369642616835915410143
442392753407356909977322220697587739633908763605465157552805
170421605254873028981223116697996794475304536003993426970327
144585495912859394539490349812481143223223672386450425159844
478907889178235763300191516965686543141530585475920913660145
501438196851700683437001046776090411663697600809334136054989
623820777788455998349074759534307874462013845673285306752757
929623548837708069008271836857183534695747316805206219445409
477346190351771800579730226525710321965982292591948757099947
097217931541586865157485072742241813169487971046010682120152
329216914824963468544136987197501906011027052744810505432398
151306860736010763045122845492184598460460822535967624338274
19060089029417044871218316020923109988915707117567

2
