323170060713110073003389139264238282488179412411402391128420
097514007417066343542226196894173635693471179017379097041917
546058732091950288537589861856221532121754125149017745202702
357960782362488842461894775876411059286460994117232454266225
221932305409190376805242355191256797158701170010580558776510
388618472802579760549035697325615261670813393617995413364765
591603683178967290731783845896806396719009772021941686472258
710314113364293195361934716365332097170774482279885885653692
086452966360772502689555059283627511211740969729980684105543
595848665832916421362182310789909994486524682624169720359118
52507045361090559

2
