580960599536995806279191596563920140217661222690290053370290
088277973617789099086147209477447733958114737341018564637832
804372980075047009821092448786693505916437158816804754094398
164451663275506750162643455639819318662899007124866081936120
511979369398543329703611823291441017187680753645739127785701
184989741020751910533335580112110935689745942627184547139795
267595944079349307162839412278051012461848823260246464987685
045886124578424092925842628769970531258450962541951346360515
542801716571446536309402160929056108402589366256122257320208
286579782186527099114508220065697817719282702453899023996917
554619077064568589343801171443042640933867631474357115453714
203157300427642870143303638180170530865983075119035294602548
205993130657100472736247968841557470259694645777028414843598
912963285391839211799747263269307811312988648739934779698277
278461586523262128965694428421682461131870976453515250735411
6344703769998514148343807

2
