104438888141315250667960271984652954583126906099213500902258
875644433817202232269071044404666980978393011158573789036269
186012707927049545451721867301692842745914600186688577976298
222932119236830334623520436805101030915567415569746034717694
639407653515728499489528482163370092181171673897245183497945
589701030633346859075135836513878225037226911796898519432244
453568741552200715163863814145617842062127782267499502799027
867345862954439173691976629900551150544617766815444623488266
596168079657690319911608934763494718777890652800800475669257
166692296412256617458277670733245237100127216377684122931832
490312574071357414100512456196591388889975346173534797001169
325631675166067895083002751025580484610558346505544661509044
430958305077580850929704003968005743534225392656624089819586
363158888893636412992005930845566945403401039147823878418988
859467233624276379513817635322284552464404009425896243361335
403610464388192523848922401019419308891166616558422942466816
544168892779046060826486420423771700205474433798894197466121
469968970652154300626260453589099812575227594260877217437610
731421774923304821790494440983623823577230674987439676046337
648021513346133347839568274660824258513395388388222678611803
0184028136755970045385534758453247

2
